camera_matrix:
- - 478.23817542240124
  - 0.0
  - 318.44879735527405
- - 0.0
  - 479.1152479709019
  - 243.8033354410962
- - 0.0
  - 0.0
  - 1.0
dist_coeff:
- - 0.34583848609902806
  - -2.340431195899138
  - 0.020191850907160348
  - 0.018435771726986707
  - 3.972845776639986
